gwash	ldsc	ols	gwash_se	ldsc_se	se_ratio	intercept	sstat
0.7502547996167979	0.37227679422472987	1.469075888816159	0.004010243113130114	0.2907333831385782	0.013793541938108392	1.0896810585521388	UKB_460K.biochemistry_TotalBilirubin
0.293435919744248	0.28623488931020397	0.24350180912221575	0.002677699387771913	0.05503537550993532	0.04865414949859874	1.2349108425244761	UKB_460K.biochemistry_AlkalinePhosphatase
0.11286700074652237	0.10348364538467955	0.09670254028898077	0.0018297066368954497	0.02324893182708163	0.07870067539034663	1.0618900261486213	UKB_460K.biochemistry_VitaminD
0.14205529279236057	0.13459607533106305	0.13344645583454365	0.00195855182631067	0.020568996548552366	0.09521863751046775	1.114493602292372	UKB_460K.biochemistry_Cholesterol
0.22911827930700412	0.21255007812082188	0.17738610514937608	0.0037663920827062996	0.03848569764007596	0.09786472153708024	1.0697906996851267	UKB_460K.biochemistry_Testosterone_Male
0.40391041175757325	0.36272295225261375	0.2754511956313827	0.0030314480772944486	0.030696340604359405	0.09875600861895346	1.3911283724967587	UKB_460K.bmd_HEEL_TSCOREz
0.38739561903181324	0.34883078333256795	0.27613972918289625	0.0029826167865346117	0.0293455448374845	0.101637805774346	1.3859405048824704	UKB_460K.blood_PLATELET_COUNT
0.10390601566524493	0.09152294717445475	0.0958590522427472	0.0019826625060453637	0.01622939465789216	0.1221649080473386	1.0616017668346434	UKB_460K.pigment_SUNBURN
0.24937493735810848	0.2233532202508071	0.181448995265504	0.002467758352343182	0.019784519758989254	0.12473177931053578	1.2269605666351227	UKB_460K.blood_RBC_DISTRIB_WIDTH
0.16178128727882282	0.14470587861160186	0.12164003382394008	0.0017882822589957207	0.014117106978857994	0.1266748393756512	1.2569212879263745	PASS_MonoP_Vuckovic2020
0.28201048738654483	0.2432027273115959	0.23720462108636053	0.0025955395624546592	0.019073317933337518	0.13608222604615716	1.3164694343757473	UKB_460K.blood_RED_COUNT
0.7418373291034691	0.603396497153342	0.6928956153632199	0.003859873228279729	0.02704514558501885	0.14271963211090397	1.7536394472982848	UKB_460K.body_HEIGHTz
0.18851427698427017	0.14894989884175686	0.23117140673504055	0.001912014507161172	0.011581559816203006	0.16509127764346535	1.2745667146662254	PASS_RTC_Vuckovic2020
0.30721041975045416	0.24287908001254954	0.38276618583025396	0.0027369449716090617	0.01585592294173137	0.1726134127711776	1.2895208575242254	UKB_460K.biochemistry_IGF1
0.12709757167642954	0.11599475488897998	0.09669608220870717	0.0019706235244887054	0.011178664503875899	0.17628434271423435	1.108954148644652	UKB_460K.biochemistry_Phosphate
0.18287272783052652	0.1411139910572457	0.22865374401157215	0.0018866793164768107	0.009933902035127857	0.18992328591576732	1.2648056434938666	PASS_Eosino_Vuckovic2020
0.26848104659444283	0.21534989079555183	0.24311803458120398	0.003877875395267711	0.01897260706695814	0.20439338576832958	1.173903881833646	UKB_460K.body_BALDING1
0.13709908502080856	0.11380091189843371	0.1189638526337048	0.0016645388350853938	0.007677645982564563	0.21680328044109531	1.2095477316342795	PASS_LymP_Vuckovic2020
0.11861099708851751	0.10398640908873792	0.1000385552014242	0.0018279238886940955	0.008379249267908168	0.21814888544906916	1.118375608149056	UKB_460K.biochemistry_AspartateAminotransferase
0.17527260372164086	0.1522525345256326	0.1400296654393838	0.002251173850094632	0.010233121146656357	0.21998897675810244	1.199107783593605	UKB_460K.biochemistry_TotalProtein
0.2283179854198408	0.18714186849665032	0.21497058474368763	0.0023698437386149786	0.010463936032450886	0.22647727693150937	1.2731784410937765	UKB_460K.blood_WHITE_COUNT
0.2323654352966916	0.18847312340202685	0.223073051497349	0.002418935800193457	0.009873361651845743	0.24499617106006213	1.2386691314911218	UKB_460K.biochemistry_Creatinine
0.2717351140573593	0.23355980528617207	0.21183433930350468	0.002815586094594971	0.011347816411962112	0.24811699382331984	1.2372121264587639	UKB_460K.lung_FEV1FVCzSMOKE
0.07721162840844815	0.13609114222171617	0.15221809090283792	0.004296215027106959	0.016605245172150486	0.25872638329437997	0.8880911611919328	PASS_HDL
0.07414943125365742	0.1208965733944548	0.10108606757896976	0.004416651961270677	0.01658470747188942	0.2663087044951965	0.9159444005217331	PASS_LDL
0.04323109337615501	0.03769411957505872	0.03410641881391438	0.0010518313524971758	0.003609212815622555	0.2914295737686349	1.0595118527710106	PASS_BasoP_Vuckovic2020
0.16193042851514786	0.14225881850376185	0.1254902496888418	0.0020097377308506497	0.006706079607275917	0.2996889164080513	1.183997260875514	UKB_460K.body_WHRadjBMIz
0.22479759340477432	0.19577569874510534	0.20229394618010008	0.002419436900834603	0.007261664627962979	0.3331793775655674	1.2196126521095798	UKB_460K.bp_DIASTOLICadjMEDz
0.27554092255701684	0.25164541658941264	0.19942741828828728	0.003483138726129619	0.010325659760668682	0.33732844262380124	1.1440490636765626	PASS_Myopia_Hysi2020
0.024494328658802002	0.02072365072717696	0.015981283844313854	0.0011067285376598571	0.0032050665935584896	0.34530594150029487	1.036370078792356	PASS_Alzheimers_deRojas2021
0.2624255310309155	0.24555951927741348	0.23432488691582612	0.003523628345324046	0.010134325706066514	0.3476924313982493	1.0591255013290342	UKB_460K.repro_MENARCHE_AGE
0.054351258097648514	0.045894759429476746	0.04595364274886337	0.0013031486662547387	0.0037477504223256295	0.3477149007820224	1.0687318816398304	UKB_460K.disease_HYPOTHYROIDISM_SELF_REP
0.2788799535709714	0.25197599739101517	0.21200434156614473	0.0025443143453562373	0.00709228987509164	0.3587437048070969	1.2007291629798962	UKB_460K.body_BMIz
0.21053336938320466	0.1956652069778903	0.18713389481941195	0.003150186661346557	0.008343225047020224	0.377574216636005	1.0553160962457158	PASS_Menarche2017
0.1295381426676195	0.20270623248165212	0.23592068791924606	0.003946482286417983	0.010371471680971066	0.38051323937554055	0.7876224112044246	PASS_Height1
0.4223148956849393	0.29513030382151056	0.3011807913631679	0.009762870173635061	0.025535137608521857	0.3823308228570851	1.1446144124256632	PASS_IBD_deLange2017
0.07881284066307552	0.06744414208776281	0.06054694009403797	0.001496994384742296	0.0038395949119816647	0.38988341714664837	1.0934025521195307	UKB_460K.disease_ALLERGY_ECZEMA_DIAGNOSED
0.04242273152095845	0.047482744041908415	0.04612260008626768	0.001049520079252627	0.002664238437555347	0.39392873567864517	0.9313039814421762	PASS_DrinksPerWeek_Liu2019
0.15921719475736545	0.13011867462191223	0.08511626743683136	0.006418912828076857	0.015888537244139883	0.4039964616909164	1.0491532956208052	PASS_ProstateCancer
0.2353446349749481	0.2067300286881546	0.20067698474956172	0.00264769984290769	0.006517009503670941	0.40627527724430623	1.1637760476065697	UKB_460K.lung_FVCzSMOKE
0.0559419761176418	0.06514828749125884	0.07455073101322783	0.0015648486346501744	0.003653869125828393	0.42827167059394805	0.934106606450587	PASS_Glaucoma_Craig2020
0.1324193045269813	0.12132207583562153	0.12953004262736723	0.003787077297060977	0.008589191159008077	0.4409119819261687	1.0184592134197472	UKB_460K.repro_MENOPAUSE_AGE
0.02234940229710571	0.020163172206449954	0.016493080871724585	0.000565646239470155	0.001270275618961565	0.4452941007657567	1.0497145723529118	PASS_AtrialFibrillation_Nielsen2018
0.34264938215035556	0.32622144041463974	0.2971053918623495	0.014124901171040267	0.03072434127483553	0.45972999208315424	1.0126678459136618	PASS_RD_Zhao2021
0.04295537257872922	0.047778995966908044	0.03967666433098364	0.001724015974488014	0.003713143303286304	0.4643009530394854	0.9748600985939864	PASS_AgeOfInitiation_Liu2019
0.35754347888848914	0.3392914755549126	0.30515851621981255	0.00625930796963037	0.013327852991066343	0.4696411322833455	1.0400225699393957	PASS_BDSCZ_Ruderfer2018
0.20246402322107737	0.18367764335262543	0.18228215286509056	0.002990858285546416	0.006254862058378936	0.4781653468344516	1.0749443006246848	PASS_Intelligence_SavageJansen2018
0.030876917550204684	0.03214134999981739	0.03723298156038085	0.0013988578185399865	0.0029145761059976177	0.47995240737114925	0.9870457660443879	PASS_SmokingCessation_Liu2019
0.20766317517346408	0.16954660701690344	0.17758937557838336	0.011088947421638032	0.02299539955538894	0.48222460300931597	1.025768909265112	PASS_Rheumatoid_Arthritis
0.05970902009224896	0.06319982540166831	0.06510748524830783	0.0018984278566483467	0.003922085252931949	0.4840353368732053	0.977814867242802	PASS_CigarettesPerDay_Liu2019
0.49548926494729445	0.4484540105475805	0.4091436052497504	0.0074956869577205544	0.015467146304702289	0.4846199040246831	1.087045524021766	PASS_Schizophrenia_Pardinas2018
0.04691706913369369	0.14067998983743354	0.13022541546299327	0.003262860101845694	0.006569575887958509	0.49666221343545897	0.7721584710424405	PASS_BMI1
0.07009466512987879	0.06692624462258698	0.06157435421118304	0.00145636018840257	0.002845103065588066	0.5118831039962867	1.0310442273345084	PASS_SleepDuration_Dashti2019
0.1053699329824747	0.10023415828731755	0.10187627044214105	0.0017932070210869599	0.003486553893001056	0.5143207522725124	1.0447166643444412	UKB_460K.other_MORNINGPERSON
0.22346497772748122	0.3052997747326514	0.2893918599294124	0.013030287940122792	0.025205729082516157	0.5169573908164075	0.9459751182760178	PASS_SA_Grasby2020
0.030128542829843768	0.033235781773048256	0.03837971696505274	0.0012020405457378583	0.0023187645330500955	0.5183969862419354	0.9734402794395808	PASS_HipOA_Tachmazidou2019
0.1423621583870464	0.12978210767224657	0.11645985661780558	0.0019115733659240378	0.0036858280707699953	0.5186279254541292	1.1048251913658198	UKB_460K.cov_EDU_YEARS
0.09953059277855172	0.11069030558392473	0.09158683819918156	0.0020031368927111133	0.0037734899765382813	0.5308446306113547	0.9379591572093223	PASS_Years_of_Education2
0.3376400709659872	0.3180404478411022	0.37939215818570743	0.015426013097411642	0.028986502568713417	0.5321791775618253	1.0054764423131268	PASS_BrainstemVol_Satizabal2019
0.016081969268644927	0.013617847366960407	0.010807748901325421	0.0009188884194788046	0.0017252457239613015	0.5326130688033028	1.0239466386872762	UKB_460K.cancer_BREAST
0.2962070188296475	0.25368607823638945	0.24395119211891458	0.013659007095715263	0.02554827043703365	0.5346352947601403	1.0266245503276499	PASS_MO_Zhao2021
0.07815170474451787	0.07902160113615793	0.06438324451602183	0.0016699213048285784	0.0031060323462479373	0.5376380921614774	1.0009593146890432	PASS_MDD_Howard2019
0.11725399858491505	0.11132854571988478	0.09327074402395989	0.0019835109229030816	0.0036759077185495857	0.5395975837189193	1.0488179372561184	UKB_460K.mental_NEUROTICISM
0.2733761380684885	0.26419720263670277	0.2174738804190379	0.011295879076272169	0.019824651802209027	0.5697895321931197	1.0092347094338543	PASS_SCZvsBD_Ruderfer2018
0.05191176728643422	0.0515183037500944	0.04914299146211806	0.0012770965415844838	0.002234388352391471	0.5715642673385781	1.006797704421919	PASS_GeneralRiskTolerance_KarlssonLinner2019
0.1960646938395628	0.1791453886582808	0.1661605631351396	0.006529993620963781	0.011422547294741818	0.5716757788317284	1.0257253704200913	PASS_AnorexiaNervosa_Watson2019
0.1553506909372943	0.14080376316333754	0.12474447460637583	0.0035750499823352377	0.006213874084937767	0.575333509090737	1.0530758773066418	UKB_460K.repro_AgeFirstBirth_Female
0.09073182511270943	0.08419835176345462	0.07013213182756463	0.0036373696033052587	0.006185289390191949	0.5880678128129393	1.0192602653886311	PASS_Years_of_Education1
0.08473425366465881	0.0812335738560979	0.07571270534569004	0.0020018964088169707	0.00339749493147402	0.5892271950935444	1.0240368293256454	PASS_ReactionTime_Davies2018
0.2539185015629316	0.22650216733019424	0.20200275660178227	0.00857784473412604	0.014504943004412197	0.5913739014015279	1.0337761232224034	PASS_ADHD_Demontis2018
0.07528701430873745	0.0773824321767713	0.07169054663142126	0.0027670653769126374	0.004674721938897203	0.5919208485725262	0.9946063733006001	PASS_MDD_Wray2018
0.2565827268629782	0.250560182204929	0.2571931711716589	0.0118533840279083	0.019828608771074473	0.5977920168156099	1.000380776034487	PASS_CaudateVol_Satizabal2019
0.4009053157880206	0.38725944794386824	0.3147052414867062	0.01137594179972706	0.018944998560953625	0.6004720329286969	1.018824627223283	PASS_BIP_Stahl2019
0.15618485886851968	0.24183184706074282	0.2552550383685149	0.012011912766277165	0.019545261832521872	0.6145690382254296	0.9428852104359129	PASS_TH_Grasby2020
0.04236008098093664	0.04081030797959519	0.03404044489277098	0.0012016181600713256	0.0019247759802518648	0.6242898770557647	1.01535839101132	UKB_460K.repro_NumberChildrenEverBorn_Pooled
0.07316150768876814	0.06764742095566939	0.06592648969771041	0.002708658524982217	0.004322556157952471	0.6266335071203024	1.0202430823589281	PASS_MCPmale_Johnston2021
0.0513001524062566	0.06174896152063663	0.05677812574951967	0.002104933316524559	0.0033355803025700145	0.6310546068708762	0.9547977342987087	PASS_AgeFirstBirth
0.10384221775365791	0.09353305716851633	0.07980611443127768	0.006558612918936091	0.010216914416160676	0.6419367581822903	1.01323619363509	PASS_Type_2_Diabetes
0.10567936740225138	0.21517773005416244	0.16285452827908084	0.011130775712897832	0.016878735299653398	0.6594555525215446	0.930225809922319	PASS_Anorexia
0.18801910083464915	0.18904971324790643	0.18954118400460718	0.012447825974025013	0.01881763447998336	0.6614979150150876	0.9984310478631044	PASS_AccumbensVol_Satizabal2019
0.27369704734698336	0.46034095301000877	0.36007340109261143	0.03500343278858813	0.051705808449033115	0.6769729328009896	0.9640030177686378	PASS_Autism
0.014016786336104889	0.012448413312296923	0.008137396562851	0.0008932615264308198	0.0013175819224879432	0.6779552080861172	1.0169508185534974	UKB_460K.cancer_PROSTATE
0.016137300776051477	0.01339641436010527	0.014707480117101348	0.0009497252904312707	0.001381962908240635	0.6872292192272784	1.0231233561525157	PASS_IschemicStroke_Malik2018
0.20109087113030089	0.19122537042850768	0.1507319762298746	0.012797223630189663	0.0183874598512889	0.6959756123841445	1.0079636852425518	PASS_PancreasVol_Liu2021
0.0470323862769665	0.04732412673265784	0.041378580681267436	0.0025952663938843138	0.0036762660366531546	0.705951736900691	1.000141867892479	PASS_DS
0.15773036499443802	0.14611341561652177	0.13779026318721765	0.0059866601341174094	0.008449587550847246	0.7085150722554645	1.0183319245086848	PASS_MedicationUse_Wu2019
0.020484227199246675	0.025585963444591887	0.02114290439017123	0.0012902501273035927	0.0017941690395139702	0.7191352090509342	0.9698929630975974	PASS_NumberChildrenEverBorn
0.04709790096343521	0.04558565241444709	0.038852269501659	0.001387839910061146	0.001929389951209395	0.7193154028770646	1.014144138633098	PASS_Insomnia_Jansen2019
0.07138126334563502	0.07592262998794888	0.054926847243080765	0.005325114151050293	0.006319747361704807	0.8426150360564091	0.9957692607874447	PASS_Ever_Smoked
