h2_gcta	h2_gwash	h2_ldsc_reg	icpt_ldsc_reg	h2_ldsc_fixed	h2_samp	h2_gwash_sample_theoretical_se	h2_ldsc_reg_jackknife_se	h2_ldsc_fixed_jackknife_se
0.16682128312505556	0.15488482290955363	0.060695515880055166	3.1847954623001056	0.19022452170770862	0.1705934766100458	0.013853655342614735	0.01942133774053704	0.010893774715490015
0.18390632677621016	0.20328228206179477	0.10057679017224462	3.0968320710947794	0.221195652212158	0.1977659897621842	0.015575453799022285	0.024432265402625268	0.013518509052772546
0.17920228032125057	0.16142976365662356	0.04861070551803254	3.6077165938437887	0.20227285617086313	0.18431838323267788	0.014102685324723066	0.025054992168411477	0.014477473632674038
0.1959630598718275	0.16676244390429046	0.04269582499084487	3.8819373618556643	0.21901013129593142	0.18419540284447355	0.014301498594152627	0.022985861718253807	0.014249642959945087
0.19723125229304017	0.2546354211705787	0.10772380593917019	4.584938676897734	0.3326922663202899	0.21526015449680058	0.017155502912633767	0.02551921172034219	0.020367245965541507
0.23695214283505694	0.2908725794327983	0.12233879794695587	4.8099191645282176	0.35595235056980684	0.25000718235084296	0.018153105708799865	0.02615564210305866	0.01916322156916208
0.18813599309563203	0.17296507495568092	0.04744057132022898	3.883395968662954	0.21355974258297933	0.19324800590865454	0.01452833850034575	0.02603526235390594	0.014022166223438009
0.20613621762930356	0.23732304582700275	0.14063725210744046	3.022380382615196	0.25968923090864915	0.22144684744698695	0.01664668529486316	0.023496677155682006	0.015052397586044266
0.2061845574892624	0.21580289375639614	0.08645118922032091	4.070709390102679	0.27684707925492474	0.18866893587618336	0.015981190589552243	0.02526441613214845	0.01538734430466222
0.18564585016200333	0.14614263722792198	0.05271221414319585	3.2117874672425226	0.18456851364728916	0.19144276473054025	0.013511887159879067	0.01700126612891763	0.009512623812609887
0.2130617758500347	0.23941110035886562	0.0956761022086377	4.441887852747398	0.3085821042148272	0.2147638755810151	0.016709256273710997	0.02768184491732532	0.02041357199394265
0.21048531247412303	0.15581233656770493	0.050981955564609265	3.4585415173833827	0.20003939650643954	0.17524121132023024	0.013889293099976345	0.0203041533387725	0.011059763743121426
0.18762252186534906	0.1942958367813301	0.12151397788853575	2.5883074284172567	0.21522984629405495	0.1984048828379384	0.015275072222926222	0.02049745945109335	0.013035664939437228
0.21013164274288842	0.1958895447687506	0.03644196211021031	4.665525833929945	0.2559769101759069	0.1956962965381898	0.01532892673540916	0.026078662172006745	0.017618480854548233
0.18507908785476992	0.21533592066683255	0.0855911824028427	4.162320246103883	0.28681841481385484	0.20653718619339131	0.015966313701440745	0.02613876378849995	0.020324058242660554
0.1673906667688998	0.1809971169056519	0.06081676373090545	3.8705294287118455	0.23804861894078455	0.1858404611942175	0.014815380085809585	0.018837481546783833	0.014122513394804671
0.2091589825921861	0.2690296319275945	0.16584749159220166	3.3284803728172916	0.30593559788482777	0.22190989672820796	0.017562140910386298	0.024762994938311255	0.016975152832040603
0.19957130804256282	0.18768151211777184	0.08338241132237754	3.4267756083989553	0.23503083541241854	0.20713258709615756	0.015048780198245302	0.019027239065090146	0.014145708422223345
0.19485060609800028	0.17791185646824975	0.06352444825051376	3.586701543003819	0.21967056160529566	0.20543054479454712	0.014705992246235167	0.022838557456989088	0.013520487696185947
0.1993145246542085	0.21771641465871464	0.09057875251024133	4.147051610958532	0.28915899358444874	0.22614308409558234	0.016041950896498385	0.02487048251709301	0.01818538144839508
0.18944145184723427	0.19753522544917104	0.0774715623355638	3.8744989008168305	0.2621128219232606	0.19960452139741447	0.01538427035816955	0.023931001572064355	0.019065511381202015
0.2099563100817029	0.16414074083696598	0.053116249873465325	3.5599444035332333	0.20295865202697666	0.18959367444883807	0.014204203947874007	0.022993397693494632	0.012502721598461816
0.20744480881654773	0.30031941265495893	0.1702550528620013	3.760252404645953	0.33107115539826637	0.21991393278028823	0.01839960105157432	0.028968378304644427	0.02010021073852363
0.21311029319015612	0.20118927952775634	0.06633826453137667	4.113960221894241	0.2486908161467347	0.21143792552026422	0.015506198858806395	0.024576271908161088	0.01715535563536393
0.2087595565275807	0.19311817512899213	0.08683575852340641	3.479155114404754	0.23736645110104168	0.19459175104122717	0.015235111575314915	0.021497488552150446	0.013249439730591969
0.20346368883996555	0.18139525254643896	0.0603481905912361	3.7410272273520078	0.22811253101442425	0.19202069750147155	0.014829418491364914	0.023345415506208445	0.01382828146735494
0.2129232313733931	0.18029838661425318	0.033646661513273245	4.437562075296507	0.2479089028292986	0.1845276306992227	0.014790700029611496	0.024431311998835366	0.014785142397251847
0.2140440267311977	0.20460760272118386	0.08139860069777331	3.832250047594158	0.2537704017786884	0.21001247711391022	0.015619090273414554	0.02368972148812046	0.014476135427166848
0.2014158679093443	0.17473255788195538	0.08205949560775398	3.203768458259303	0.21364308292688217	0.20533628584941538	0.014592139467286247	0.01932126118603404	0.011403624394316155
0.21370803518626855	0.18882994415028728	0.1166110203158563	2.7517307737253445	0.22213001002019828	0.20205151271350463	0.01508839752014944	0.02028960200806372	0.012687948587867148
0.1843146803199174	0.17836818652900838	0.08827174748268912	3.080120741002998	0.21232863624121281	0.18856922510137192	0.014722238932066018	0.020312881474287572	0.011889772897808046
0.18992584019429315	0.15830113472005863	0.02669593035238259	4.066849517712726	0.2121879239459568	0.180935359090718	0.013984349532272192	0.022625605390128662	0.012488863691966844
0.1918881735404319	0.18347748563523542	0.1092260319843207	2.855604247916172	0.22234475278169405	0.19391030852057559	0.014902554025930131	0.01891490872097779	0.012100288890440708
0.2009852582216798	0.16150410635817658	0.03901129794032642	3.857669332412507	0.2160175041130296	0.1797233967724376	0.014105481776648205	0.022460178384979504	0.01537069070088082
0.1834375172364267	0.18807018575241502	0.09986681718356546	3.0301750401057284	0.22134219306885822	0.17550260917876115	0.015062203812452556	0.02297636066908284	0.015194661847443973
0.1720083435963043	0.17742115549375792	0.07996283347482776	3.265139479092213	0.21713446917814072	0.18837605289539522	0.014688495476347607	0.021003110164772288	0.013994303156927576
0.2245740674058189	0.25317115229810294	0.13427543116023746	3.849316004231124	0.3115568960146571	0.2232473301839558	0.017113324349332867	0.02499675559964002	0.01702258622291137
0.2247865683084317	0.26231483432837904	0.1275583377499349	4.2105384964806785	0.32475279511040356	0.2075024162782601	0.017374225148410773	0.02625148459285713	0.01771573501636854
0.17935196465445447	0.17593352067331547	0.042336480109755076	4.12674309071356	0.23075954490695724	0.20105614410364625	0.014635283299037065	0.022332711025961762	0.013371150157797666
0.2211294843133668	0.19410248154114426	0.07995885531590403	3.5830323857243975	0.23779969744435409	0.19903312002774426	0.015268520923755198	0.024165573287343308	0.013201146150539906
0.20993084077905502	0.19270463250688122	0.061405538101882116	4.070175593883112	0.2442346810047442	0.2066485648824633	0.01522104563082631	0.02357565337563268	0.014363483318670985
0.22090084220784145	0.19213150822399902	0.10335648019737458	3.0799160453480656	0.23263895667374976	0.21334046639946874	0.015201522831608172	0.01920489111484203	0.011922563311840446
0.19040926032964595	0.1791699631839109	0.05293683631856276	3.947922880186087	0.23293456102123666	0.20960177022482698	0.014750727509987112	0.022742556030302112	0.01347477993929007
0.1964275298150481	0.1972916584379052	0.07325926268819566	3.9753901184464913	0.25331595531461426	0.19012938338520083	0.015376096292627123	0.023997253247399188	0.015594628014604784
0.19832639884654235	0.189676900902665	0.049787760147915	4.252719021748565	0.24427025220018447	0.1753649275566133	0.015117526009751086	0.026346177982323395	0.014859517003706834
0.20978014731092084	0.17363184775249443	0.021068204150288032	4.5667714893331715	0.23754269680951096	0.21135140162068985	0.014552449992931874	0.025850999200233763	0.01497522258271324
0.18761700140505172	0.20296337930061908	0.10286328607364358	3.2499230567125976	0.2356268268331288	0.19922064319223426	0.015564928857955764	0.023378544905374343	0.013923319516865816
0.22341031649795437	0.22314656725940638	0.08300207183806471	4.2392936586267	0.2797459828309611	0.21535680561187037	0.016212643503566014	0.026890156585480364	0.017066869535898557
0.22301785993718037	0.2395492816660005	0.0791134590715914	4.79055827690578	0.31465228752059843	0.23480912421488254	0.016713385091916978	0.025514126114207676	0.016620615253663804
0.23080666650570855	0.19935792245200942	0.05484439321723785	4.398883274751399	0.26264951602832115	0.19707839380466005	0.015445253664312474	0.02198176572098306	0.017612338474702453
0.1788164870242538	0.17018085496528035	0.06595919897299532	3.444940191977798	0.2095209923610445	0.17570527900931918	0.0144270883486722	0.019302364172328088	0.011674981646212725
0.21025704444072177	0.21681983804333116	0.11779362140392853	3.270843375887412	0.2531176023734736	0.2001028419601078	0.016013521860550373	0.022145379728310145	0.013859251882010091
0.20693830918781617	0.19928050402147268	0.0844714730946778	3.5556818506514904	0.24030302639860796	0.17194733075551322	0.015442670066420219	0.02387746874032416	0.01483002195831834
0.2096371729177073	0.16399051889597524	0.05392273816211612	3.609583292097792	0.21383020835926037	0.16513127220506926	0.014198602964992906	0.02154273993462277	0.013483307894065535
0.2103737894837124	0.18476470743492074	0.06453393441633928	3.8638254593361636	0.24101956806801414	0.178143251070183	0.014947528883275399	0.022080577714486273	0.014907513762538767
0.2010627086445507	0.19840670983283493	0.12053486627665709	2.789064930932676	0.2285421427196236	0.19258624764368654	0.015413469107068523	0.020860008417823605	0.011800548385153022
0.22079825662725341	0.19808004405241428	0.07648932789856495	3.651139130170892	0.22732272892825311	0.22206404776388577	0.015402533092263462	0.025119614844347445	0.013039594424106186
0.20214903889917454	0.17251728025241056	0.04868219113378834	3.833752391999995	0.2150874098850878	0.20049030404455973	0.014512116215604403	0.025446905209297127	0.013331649924655891
0.18149899998449393	0.17533914766585154	0.051832560370598524	3.9497872339219287	0.23390488971334503	0.19596700752426247	0.014613951677070674	0.020251929695219686	0.013184846506748117
0.1930020834980199	0.19495694216494472	0.09022684390075376	3.2936932400149357	0.2251603195481707	0.20549472421144446	0.015297443340262805	0.022073825752110966	0.012439535003441306
0.1749982142782775	0.15438196000004864	0.045732568278285195	3.5515752493882355	0.195172549558754	0.18188207643845827	0.013834285117767516	0.0195521847625558	0.012082297503545968
0.19554764254210738	0.18509096984611315	0.03423365448935124	4.536912497922643	0.25668949750408443	0.20270455449043462	0.014958899803297416	0.021332792654082677	0.01622939536468575
0.21024329050349408	0.1761955146131895	0.03777916335516183	4.250741927503395	0.23498930024089085	0.2099169093612282	0.0146446731433192	0.02216312964022238	0.014811099885817238
0.2127839337508076	0.1790113063284431	0.0852233356995694	3.273806608130434	0.2258898254720737	0.18837960637140858	0.014745095896562019	0.021096444402880127	0.013320276469235854
0.24081430046854965	0.2449575973583385	0.13617252292054094	3.469033728744928	0.28928444470871084	0.2231681054228879	0.016873834942058664	0.021390936552234785	0.015578058124532721
0.19522145547137718	0.15810304306504164	0.048298219639831885	3.567941278415405	0.19892480743470314	0.20462098393850178	0.013976813850433766	0.020535213514183474	0.011763049240763294
0.20031248620471184	0.18365921407894698	0.07349552832647276	3.3537874336907976	0.21422005468510727	0.1965012159303101	0.014908914442863	0.022949592842559444	0.013267714168284876
0.18685571516606167	0.19126377896990004	0.06055062987175556	3.9752697453141796	0.23818605979825194	0.18276441428862605	0.015171900371846205	0.024443029391137617	0.013712862788939897
0.19202894574822663	0.18287989241756764	0.09703877708251457	3.109767387198306	0.22469304951861468	0.18159954610252937	0.014881613095226797	0.022178825772237835	0.014112459957427142
0.20534933711369108	0.17165764259989483	0.021204752926434953	4.4874617300950295	0.23026674126082178	0.2096050462273737	0.014480907619642339	0.022391684351149067	0.013751120091545723
0.22069825675549457	0.16012275178370775	0.02922297758720973	4.088521685623356	0.22427467837771872	0.19715888214376273	0.01405340459029791	0.0204054882900077	0.01343411485299952
0.19420516783511432	0.2043759925068395	0.10743183716631984	3.330666755201536	0.24728608351467535	0.20804328407101122	0.01561147649652707	0.022532563997122015	0.01458922436799584
0.1933761296315158	0.17408054199772777	0.04957884362078828	3.9305080527538996	0.22681969230798585	0.17545160364053838	0.01456864610882136	0.023558294210950497	0.015351492646565934
0.20236012974428436	0.17256251350455654	0.07897514635165721	3.1582779756455106	0.2071585561535543	0.2155298104556135	0.014513755957459379	0.021920481395022756	0.01292275790101425
0.19333444050654744	0.1687632961729449	0.05802484665790062	3.6146591262930183	0.2184789619144295	0.17193481908987132	0.014375180967071416	0.01837118177534768	0.012732024203809224
0.1817890687245003	0.2178561954166938	0.10122739321765169	3.7119631798295307	0.2664205250679702	0.2108903542752356	0.016046376780822415	0.023746527078233375	0.016096369111768104
0.20621908465515765	0.22282638575135238	0.09862502530246055	3.909061816977121	0.28228694267834664	0.20768837529832018	0.016202648932613518	0.024176936799476734	0.02133122355176173
0.19701700613729503	0.2174201581528925	0.0924833590546887	3.7525793228059006	0.2546795670795567	0.20841607226764677	0.01603256486328566	0.021883919114955862	0.013688445424146559
0.2144673484973165	0.2453415283321072	0.11554390002814906	3.7942325431590187	0.28504313996731007	0.19263195732895727	0.01688514081871317	0.024776816305252684	0.015747527018115694
0.19002933324010446	0.16298055356232863	0.03922544100876018	3.874107803683696	0.20713809583999665	0.19012096584782512	0.014160872627894923	0.022422050991961765	0.011981057641327614
0.18741892850683933	0.1821217049164399	0.06907803442889042	3.5669459172153477	0.2240252755641453	0.17090537599707464	0.014854988275694819	0.02136418888792	0.01359103002017767
0.19968264555525958	0.1625134532005474	0.031627915495084376	4.087777781662986	0.22824181717478753	0.19699392229730733	0.014143378871735049	0.02023037809983179	0.01568008101732074
0.21168017114115828	0.23719716519019862	0.12026964068541794	3.6902099243901074	0.29029958533046474	0.2234759622430702	0.016642902267901816	0.02421005665479535	0.020735928515519652
0.20593745909255773	0.17486879649583578	0.044821419478401375	4.026351527691685	0.23048907704673774	0.18952280495859516	0.014597042153552271	0.02631119812560453	0.015981250011632926
0.22493639769202325	0.18985607238272792	0.07312989768079904	3.637188415122085	0.23362233867975812	0.2025108196990676	0.015123678444558268	0.019375183788340855	0.013423172386243503
0.1952944090201563	0.19440654065470167	0.06433479513617373	4.108591723655504	0.2551072062494005	0.1930167064565985	0.015278821407513963	0.023317983362993	0.014229871684391862
0.1818847787277084	0.17714461609495563	0.09758987092571297	2.7351315571015884	0.19854820589197125	0.19364069513581728	0.01467862291860431	0.021745693786172304	0.01172404378905029
0.1820292215049882	0.1855688440986194	0.05978202447530877	3.891222821041418	0.23434337678180334	0.20801340998594814	0.01497553399327784	0.02261625310751598	0.014965459750852254
0.2374691354938497	0.25243778545451	0.0955281638370081	4.705273165229396	0.3266727892663649	0.20633944509812563	0.017092141589970904	0.026067457204473697	0.021403558546666274
0.22146305368066543	0.2017827935586544	0.07743170513854453	3.860255145317781	0.2525947173675659	0.20373176214054742	0.015525880369444977	0.020728861008980495	0.01795042759855286
0.21995957080349288	0.22418457044840354	0.10916076399661266	3.687631678915529	0.2712729160906322	0.20081394995112686	0.016244985476579578	0.023356643020751713	0.014704247756319816
0.21075869416599613	0.22506540874011066	0.076373918568708	4.4858044317594725	0.2932601664267183	0.21461328258926723	0.016272359333315875	0.025274293167547993	0.018077515550353314
0.21217810744008803	0.24584150253213108	0.12552489031196645	3.7781479008601506	0.2993276135187504	0.21547861134824017	0.016899847331080197	0.026038675024238123	0.02052089082373682
0.242389040882648	0.1971541756602166	0.0627281862920302	4.223674497096954	0.26903383169814143	0.20678346966802783	0.01537147979424222	0.021572358608134366	0.016345946638800537
0.21936065561994691	0.2370918788536963	0.12488177545967369	3.536804130275742	0.2820906667301377	0.2133885516452153	0.01663973719795512	0.025846019843931357	0.020492382737487203
0.2165721585672593	0.2108866854771226	0.08518062115048709	3.8869249073182606	0.2599258164959548	0.20385579848801105	0.01582359147621751	0.02365118275512422	0.016494339511284893
0.18265748520498384	0.15947712505528858	0.09083191718422594	2.6246572066346756	0.18495784977615787	0.17166871862978775	0.0140289794588042	0.020584870655631228	0.010653601660328055
0.21090802735807734	0.24242334487839162	0.11404691855775936	3.9433136414308962	0.29538668055856193	0.21843394707975058	0.016798928163975397	0.023255220057408075	0.016708106968604888
0.20138066332071947	0.21404223384496227	0.06365150892060016	4.249947690337639	0.25565838059390317	0.20767676792584472	0.015924998073352733	0.028856401321463734	0.015940208919447814
0.21744798499480203	0.2332839613520635	0.08931157511136278	4.109500798612157	0.27853563057436104	0.21231683616992822	0.016524677519615408	0.02401767569179117	0.01519695315482982
